1 1 0
2 1 0
3 1 0
4 1 0
5 1 0
6 1 1
7 1 0
8 1 0
9 1 1
10 1 0
11 1 0
12 1 0
13 1 0
14 1 0
15 1 0
16 1 0
17 1 0
18 1 0
19 1 1
20 1 0
21 1 1
22 1 0
23 1 1
24 1 0
25 1 0
26 1 0
27 1 1
28 1 0
29 1 0
30 1 0
31 1 0
32 1 0
33 1 0
34 1 0
35 1 0
36 1 0
37 2 0
38 1 0
39 1 0
40 1 0
41 1 0
42 1 0
43 1 0
44 2 2
45 1 0
46 1 0
47 1 0
48 2 0
49 1 0
50 1 0
51 1 0
52 1 0
53 1 1
54 1 0
55 1 0
56 1 0
57 1 0
58 1 0
59 1 0
60 1 0
61 1 0
62 1 0
63 1 0
64 2 0
65 1 0
66 2 0
67 1 0
68 2 0
69 1 0
70 1 0
71 1 1
72 1 0
73 1 0
74 1 0
75 1 0
76 1 0
77 2 0
78 2 0
79 1 0
80 1 1
81 1 0
82 1 0
83 2 2
84 2 0
85 1 0
86 1 0
87 1 1
88 1 0
89 1 0
90 1 1
91 1 0
92 1 0
93 1 0
94 2 0
95 2 0
96 2 0
97 1 0
98 1 0
99 1 0
100 1 0
101 1 0
102 1 0
103 2 0
104 1 0
105 1 1
106 1 0
107 1 0
108 1 0
109 2 0
110 1 0
111 1 1
112 1 0
113 1 0
114 1 0
115 1 0
116 2 2
117 1 1
118 2 0
119 2 0
120 2 0
121 2 0
122 2 0
123 2 0
124 1 0
125 2 0
126 2 0
127 2 0
128 2 0
129 2 2
130 2 2
131 2 0
132 1 0
133 1 0
134 1 0
135 2 2
136 2 2
137 1 0
138 1 0
139 2 0
140 2 0
141 1 0
142 1 0
143 2 0
144 2 0
145 1 1
146 1 0
147 2 0
148 2 0
149 2 2
150 1 0
151 2 0
152 2 2
153 2 0
154 2 0
155 2 0
156 2 2
157 2 0
158 1 1
159 2 0
160 2 0
161 1 0
162 2 0
163 2 0
164 1 0
165 2 0
166 2 2
167 2 0
168 2 0
169 2 0
170 2 2
171 2 0
172 2 0
173 2 2
174 1 0
175 2 0
176 2 0
177 2 0
178 2 0
179 1 0
180 2 0
181 2 0
182 2 0
183 2 0
184 2 0
185 2 0
186 1 0
187 2 0
188 2 0
189 2 0
190 2 0
191 1 0
192 1 0
193 2 0
194 2 0
195 1 0
196 2 2
197 1 0
198 1 0
199 2 0
200 2 0
201 2 0
202 2 0
203 2 0
204 2 0
205 2 0
206 2 0
207 2 2
208 2 0
209 2 2
210 2 2
211 2 0
212 2 0
213 2 0
214 2 2
215 2 0
216 2 0
217 2 0
218 2 0
219 2 0
220 2 0
221 2 0
222 2 0
223 2 0
224 2 0
225 2 0
226 2 0
227 2 0
228 2 0
229 2 0
230 2 0
231 2 0
232 2 0
233 2 0
234 2 0
235 2 0
236 2 0
237 2 0
238 2 0
239 2 0
240 2 0
241 2 0
242 2 0
243 2 0
244 2 0
245 2 0
246 2 0
247 2 0
248 2 0
249 2 0
250 2 0
251 2 0
252 3 3
253 2 0
254 2 0
255 2 0
256 2 0
257 2 0
258 2 0
259 2 0
260 2 0
261 2 0
262 2 0
263 2 0
264 2 0
265 2 0
266 2 0
267 2 0
268 3 3
269 2 0
270 2 0
271 2 0
272 2 0
273 2 0
274 2 0
275 2 0
276 3 3
277 2 0
278 3 3
279 3 3
280 3 0
281 3 3
282 3 0
283 3 0
284 3 3
285 3 3
286 3 3
287 3 3
288 3 3
289 3 0
290 3 0
291 2 0
292 3 3
293 3 0
294 3 3
295 3 0
296 3 0
297 3 3
298 3 0
299 2 0
300 3 3
301 3 3
302 3 3
303 3 3
304 3 3
305 3 3
306 3 3
307 3 3
308 3 3
309 3 3
310 3 3
311 3 0
312 3 0
313 3 3
314 3 3
315 3 3
316 3 3
317 3 0
318 3 0
319 3 0
320 3 3
321 3 0
322 3 3
323 3 0
324 3 3
325 3 3
326 3 0
327 3 0
328 3 3
329 3 3
330 3 3
331 3 3
332 3 3
333 3 3
334 3 0
335 3 3
336 3 3
337 3 3
338 3 3
339 3 3
340 3 0
341 3 3
342 3 3
343 4 0
344 3 3
345 3 3
346 3 0
347 3 3
348 3 3
349 3 3
350 3 0
351 3 3
352 3 3
353 3 3
354 3 3
355 3 3
356 3 0
357 3 3
358 3 3
359 3 0
360 3 3
361 3 0
362 3 3
363 3 3
364 3 3
365 3 0
366 3 3
367 3 3
368 3 3
369 3 3
370 3 3
371 3 3
372 3 3
373 3 3
374 3 3
375 3 3
376 3 0
377 3 3
378 3 3
379 3 3
380 3 3
381 3 3
382 3 3
383 3 3
384 3 0
385 3 3
386 3 3
387 3 3
388 3 3
389 3 3
390 3 3
391 3 3
392 3 3
393 3 3
394 3 3
395 3 3
396 3 3
397 3 3
398 3 3
399 3 3
400 3 3
401 3 3
402 3 3
403 3 3
404 3 3
405 3 3
406 3 3
407 3 3
408 3 3
409 3 3
410 3 3
411 3 3
412 3 3
413 3 3
414 3 3
415 3 3
416 3 3
417 3 3
418 3 3
419 3 3
420 3 0
421 3 3
422 3 3
423 3 3
424 3 3
425 3 3
426 3 3
427 3 3
428 3 3
429 3 3
430 3 3
431 3 3
432 3 3
433 3 3
434 3 3
435 3 3
436 3 3
437 3 3
438 3 3
439 3 3
440 3 3
441 3 3
442 3 3
443 3 3
444 3 3
445 3 3
446 3 3
447 3 3
448 3 0
449 3 3
450 3 3
451 3 3
452 3 3
453 3 3
454 3 3
455 3 3
456 3 3
457 3 3
458 3 0
459 3 3
460 3 3
461 3 3
462 3 3
463 3 3
464 3 3
465 3 3
466 3 3
467 3 3
468 3 3
469 3 3
470 3 3
471 3 3
472 3 3
473 3 3
474 3 3
475 3 3
476 3 3
477 3 3
478 3 3
479 3 3
480 3 3
481 3 3
482 3 3
483 3 3
484 3 3
485 3 3
486 3 3
487 3 3
488 3 3
489 3 3
490 3 3
491 3 3
492 3 0
493 3 0
494 3 0
495 3 3
496 3 3
497 3 3
498 3 3
499 3 3
500 3 3
501 3 3
502 3 3
503 3 0
504 3 3
505 3 3
506 3 0
507 3 3
508 3 3
509 3 3
510 3 0
511 3 3
512 3 0
513 3 0
514 3 3
515 3 3
516 3 3
517 3 3
518 3 0
519 3 3
520 3 0
521 3 3
522 3 3
523 6 6
524 3 3
525 3 3
526 3 3
527 3 3
528 3 3
529 3 3
530 3 3
531 3 3
532 3 3
533 3 3
534 3 3
535 3 0
536 3 3
537 3 3
538 3 3
539 3 3
540 3 3
541 3 3
542 3 3
543 3 3
544 3 3
545 3 3
546 3 3
547 3 3
548 3 3
549 3 3
550 3 3
551 4 4
552 4 4
553 4 4
554 4 4
555 4 4
556 4 4
557 4 4
558 4 4
559 4 4
560 4 4
561 4 4
562 4 4
563 4 4
564 4 4
565 4 4
566 4 4
567 4 4
568 4 4
569 4 4
570 4 4
571 4 4
572 4 4
573 4 4
574 4 4
575 4 4
576 4 4
577 4 4
578 4 4
579 4 4
580 4 4
581 4 4
582 4 4
583 4 4
584 4 4
585 4 4
586 4 4
587 4 4
588 4 4
589 4 4
590 4 4
591 4 4
592 4 4
593 4 4
594 4 4
595 4 4
596 4 4
597 4 4
598 4 4
599 4 4
600 4 4
601 4 4
602 4 4
603 4 4
604 4 4
605 4 4
606 4 4
607 4 4
608 4 4
609 4 4
610 4 4
611 4 0
612 4 4
613 4 4
614 4 4
615 4 4
616 4 4
617 4 4
618 4 4
619 4 4
620 4 4
621 4 4
622 4 4
623 4 4
624 4 4
625 4 4
626 4 4
627 4 4
628 4 4
629 4 4
630 4 4
631 4 4
632 4 4
633 4 4
634 4 4
635 4 4
636 4 4
637 4 4
638 4 4
639 4 4
640 4 4
641 4 4
642 4 4
643 4 4
644 4 4
645 4 4
646 4 4
647 4 4
648 4 4
649 4 4
650 4 4
651 4 4
652 4 4
653 4 4
654 4 4
655 4 4
656 4 4
657 4 4
658 4 4
659 4 4
660 4 4
661 4 4
662 4 4
663 4 4
664 4 4
665 4 4
666 4 4
667 4 4
668 4 4
669 4 4
670 4 4
671 4 0
672 4 4
673 4 4
674 4 4
675 4 4
676 4 4
677 4 4
678 4 4
679 4 4
680 4 4
681 4 4
682 4 4
683 4 4
684 4 4
685 4 4
686 4 4
687 4 4
688 4 4
689 4 4
690 4 4
691 4 4
692 4 4
693 4 4
694 4 4
695 4 4
696 4 4
697 4 4
698 4 4
699 4 4
700 4 4
701 4 4
702 4 4
703 4 4
704 4 4
705 4 4
706 4 4
707 4 4
708 4 4
709 4 4
710 4 4
711 4 4
712 4 4
713 4 4
714 4 4
715 4 4
716 4 4
717 4 4
718 4 4
719 4 4
720 4 4
721 4 0
722 4 4
723 4 0
724 4 4
725 4 4
726 4 4
727 4 4
728 4 4
729 4 4
730 4 4
731 4 4
732 4 4
733 4 4
734 4 4
735 4 4
736 4 4
737 4 4
738 4 4
739 4 4
740 4 4
741 4 4
742 4 4
743 4 4
744 4 4
745 4 4
746 4 4
747 4 4
748 4 4
749 4 4
750 4 4
751 4 4
752 4 4
753 4 4
754 4 4
755 4 4
756 4 4
757 4 4
758 4 4
759 4 4
760 4 4
761 4 4
762 4 4
763 4 4
764 4 0
765 4 4
766 4 4
767 4 4
768 4 4
769 4 0
770 4 4
771 4 4
772 4 4
773 4 4
774 4 4
775 4 4
776 4 4
777 4 4
778 4 4
779 4 4
780 4 4
781 4 4
782 4 4
783 4 4
784 4 4
785 4 4
786 4 4
787 4 4
788 4 4
789 4 4
790 4 4
791 4 4
792 4 4
793 4 4
794 4 4
795 4 4
796 4 4
797 4 4
798 4 4
799 4 4
800 4 4
801 4 4
802 4 4
803 4 4
804 4 4
805 4 4
806 4 4
807 4 4
808 4 4
809 4 4
810 4 4
811 4 4
812 4 4
813 4 4
814 4 4
815 4 4
816 4 0
817 4 4
818 4 4
819 4 4
820 4 4
821 4 4
822 4 4
823 4 4
824 4 4
825 4 4
826 4 4
827 4 4
828 4 4
829 4 4
830 4 4
831 4 4
832 4 4
833 4 4
834 4 4
835 4 4
836 4 4
837 4 4
838 4 4
839 4 4
840 4 4
841 4 4
842 4 4
843 4 4
844 4 4
845 4 4
846 4 4
847 4 4
848 4 4
849 4 4
850 4 4
851 4 4
852 4 4
853 4 4
854 4 4
855 4 4
856 4 4
857 4 4
858 4 4
859 4 4
860 4 4
861 4 4
862 4 4
863 4 4
864 4 4
865 4 4
866 4 4
867 4 0
868 4 4
869 4 4
870 4 4
871 4 4
872 4 4
873 4 4
874 4 4
875 4 4
876 4 4
877 4 4
878 4 4
879 4 4
880 4 4
881 4 4
882 4 4
883 4 4
884 4 4
885 4 4
886 4 4
887 4 4
888 4 4
889 4 4
890 4 4
891 4 4
892 4 4
893 4 4
894 4 4
895 4 4
896 4 4
897 4 4
898 4 4
899 4 4
900 4 4
901 4 4
902 4 4
903 4 4
904 4 4
905 4 4
906 4 4
907 4 4
908 4 4
909 4 4
910 4 4
911 4 4
912 4 4
913 4 4
914 4 4
915 4 4
916 4 4
917 4 4
918 4 4
919 4 4
920 4 4
921 4 4
922 4 4
923 4 4
924 4 4
925 4 4
926 4 4
927 4 4
928 4 4
929 4 4
930 4 4
931 4 4
932 4 4
933 4 4
934 4 4
935 4 4
936 4 4
937 4 4
938 4 4
939 4 4
940 4 4
941 4 4
942 4 0
943 4 4
944 4 4
945 4 4
946 4 4
947 4 4
948 4 4
949 4 4
950 4 4
951 4 4
952 4 4
953 4 4
954 4 4
955 4 4
956 4 4
957 4 4
958 4 0
959 4 4
960 4 4
961 4 4
962 4 4
963 4 4
964 4 4
965 4 4
966 4 4
967 4 4
968 4 4
969 4 4
970 4 4
971 4 4
972 4 4
973 4 4
974 4 4
975 4 4
976 4 4
977 4 4
978 4 4
979 4 4
980 4 4
981 4 4
982 4 4
983 4 4
984 4 4
985 4 4
986 4 4
987 4 4
988 4 4
989 4 4
990 4 4
991 4 4
992 4 4
993 4 4
994 4 4
995 4 4
996 4 4
997 4 4
998 4 0
999 4 0
1000 4 4
1001 4 4
1002 4 4
1003 4 4
1004 4 4
1005 4 4
1006 4 4
1007 4 4
1008 4 4
1009 4 4
1010 4 4
1011 4 4
1012 4 4
1013 4 4
1014 4 4
1015 4 4
1016 4 4
1017 4 4
1018 4 4
1019 4 4
1020 4 4
1021 4 4
1022 4 4
1023 4 4
1024 4 4
1025 4 4
1026 4 4
1027 4 4
1028 4 4
1029 4 4
1030 4 4
1031 4 4
1032 4 4
1033 4 0
1034 4 4
1035 4 4
1036 4 4
1037 4 4
1038 4 4
1039 4 4
1040 4 4
1041 4 4
1042 4 4
1043 4 4
1044 4 4
1045 4 4
1046 4 4
1047 4 4
1048 4 4
1049 4 4
1050 4 4
1051 4 4
1052 4 4
1053 4 4
1054 4 4
1055 4 4
1056 4 4
1057 4 4
1058 4 4
1059 4 4
1060 4 4
1061 4 4
1062 4 4
1063 4 4
1064 4 4
1065 4 4
1066 4 4
1067 4 4
1068 4 4
1069 4 4
1070 4 4
1071 4 4
1072 4 4
1073 4 4
1074 4 4
1075 4 4
1076 4 4
1077 4 4
1078 4 4
1079 4 4
1080 4 4
1081 4 4
1082 4 4
1083 4 4
1084 4 4
1085 4 4
1086 4 4
1087 4 4
1088 4 4
1089 4 4
1090 4 4
1091 4 4
1092 4 4
1093 4 4
1094 4 4
1095 4 4
1096 4 4
1097 4 4
1098 4 4
1099 4 4
1100 4 4
1101 4 4
1102 4 4
1103 4 4
1104 4 4
1105 4 4
1106 4 4
1107 4 4
1108 4 4
1109 4 4
1110 4 4
1111 4 4
1112 4 4
1113 4 4
1114 4 4
1115 4 4
1116 4 4
1117 4 4
1118 4 4
1119 4 4
1120 4 4
1121 4 4
1122 4 4
1123 4 4
1124 4 4
1125 4 4
1126 4 4
1127 4 4
1128 4 4
1129 4 4
1130 4 4
1131 4 4
1132 4 4
1133 4 4
1134 4 4
1135 4 4
1136 4 4
1137 4 4
1138 4 4
1139 4 4
1140 4 4
1141 4 4
1142 4 4
1143 4 4
1144 4 4
1145 4 4
1146 4 4
1147 4 4
1148 4 4
1149 4 4
1150 4 4
1151 4 4
1152 4 4
1153 4 4
1154 4 4
1155 4 4
1156 4 4
1157 4 4
1158 4 4
1159 4 4
1160 4 4
1161 4 4
1162 4 4
1163 4 4
1164 4 4
1165 4 4
1166 4 4
1167 4 4
1168 4 4
1169 4 4
1170 4 4
1171 4 4
1172 4 4
1173 4 4
1174 4 4
1175 4 4
1176 4 4
1177 4 4
1178 4 4
1179 4 4
1180 4 4
1181 4 4
1182 4 4
1183 4 4
1184 4 4
1185 4 4
1186 4 4
1187 4 4
1188 4 4
1189 4 4
1190 4 4
1191 4 4
1192 4 4
1193 4 4
1194 4 4
1195 4 4
1196 4 4
1197 4 4
1198 4 4
1199 4 4
1200 4 4
1201 4 4
1202 4 4
1203 4 4
1204 4 4
1205 4 4
1206 4 4
1207 4 4
1208 4 4
1209 4 4
1210 4 4
1211 4 4
1212 4 4
1213 4 4
1214 4 4
1215 4 4
1216 4 4
1217 4 4
1218 4 4
1219 4 4
1220 4 4
1221 4 4
1222 4 4
1223 4 4
1224 4 4
1225 4 4
1226 4 4
1227 4 4
1228 4 4
1229 4 4
1230 4 4
1231 4 4
1232 4 4
1233 4 4
1234 4 4
1235 4 4
1236 4 4
1237 4 4
1238 4 4
1239 4 4
1240 4 4
1241 4 4
1242 4 4
1243 4 4
1244 4 4
1245 4 4
1246 4 4
1247 4 4
1248 4 4
1249 4 4
1250 4 4
1251 4 4
1252 4 4
1253 4 4
1254 4 4
1255 4 4
1256 4 4
1257 4 4
1258 4 4
1259 4 4
1260 4 4
1261 4 4
1262 4 4
1263 4 4
1264 4 4
1265 4 4
1266 4 4
1267 4 4
1268 4 4
1269 4 4
1270 4 4
1271 4 4
1272 4 4
1273 4 4
1274 4 4
1275 4 4
1276 4 4
1277 4 4
1278 4 4
1279 4 4
1280 4 4
1281 4 0
1282 4 4
1283 4 4
1284 4 4
1285 4 4
1286 4 4
1287 4 4
1288 4 4
1289 4 4
1290 4 4
1291 4 4
1292 4 4
1293 4 4
1294 4 4
1295 4 4
1296 4 4
1297 4 4
1298 4 4
1299 4 4
1300 4 4
1301 4 4
1302 4 4
1303 4 4
1304 4 4
1305 4 4
1306 4 4
1307 4 4
1308 4 4
1309 4 4
1310 4 4
1311 5 5
1312 5 0
1313 5 5
1314 5 0
1315 5 5
1316 5 0
1317 5 5
1318 5 5
1319 5 5
1320 5 5
1321 4 0
1322 5 5
1323 5 5
1324 5 5
1325 5 5
1326 5 5
1327 5 5
1328 5 5
1329 5 5
1330 5 0
1331 5 5
1332 5 5
1333 5 5
1334 5 5
1335 5 5
1336 4 4
1337 5 5
1338 5 5
1339 5 0
1340 5 5
1341 5 5
1342 5 5
1343 5 5
1344 5 5
1345 5 5
1346 5 0
1347 5 0
1348 5 5
1349 5 5
1350 5 5
1351 5 5
1352 5 5
1353 5 5
1354 5 5
1355 5 0
1356 5 5
1357 5 5
1358 5 5
1359 5 0
1360 5 5
1361 5 5
1362 5 5
1363 5 5
1364 5 5
1365 5 5
1366 5 5
1367 5 5
1368 5 5
1369 5 5
1370 5 5
1371 5 5
1372 5 5
1373 5 5
1374 5 5
1375 5 5
1376 5 5
1377 5 5
1378 5 0
1379 5 5
1380 5 5
1381 5 5
1382 5 5
1383 5 5
1384 4 0
1385 5 5
1386 5 5
1387 5 5
1388 5 5
1389 5 5
1390 5 5
1391 5 5
1392 5 5
1393 5 5
1394 5 5
1395 5 5
1396 5 5
1397 5 5
1398 5 5
1399 4 4
1400 5 5
1401 5 5
1402 5 5
1403 5 5
1404 5 0
1405 5 5
1406 5 5
1407 5 5
1408 5 0
1409 5 5
1410 5 5
1411 5 5
1412 5 5
1413 5 0
1414 5 5
1415 5 5
1416 5 0
1417 5 5
1418 5 0
1419 5 5
1420 5 5
1421 5 5
1422 5 5
1423 5 5
1424 5 5
1425 5 5
1426 5 5
1427 5 5
1428 5 5
1429 5 5
1430 5 5
1431 5 5
1432 5 0
1433 5 5
1434 5 5
1435 5 5
1436 5 5
1437 5 5
1438 5 0
1439 5 5
1440 5 5
1441 5 5
1442 5 5
1443 5 5
1444 5 5
1445 5 5
1446 5 5
1447 5 5
1448 5 5
1449 5 5
1450 5 5
1451 5 5
1452 5 5
1453 5 0
1454 5 5
1455 5 5
1456 5 5
1457 5 0
1458 5 0
1459 5 5
1460 5 5
1461 5 5
1462 5 0
1463 5 5
1464 5 5
1465 5 5
1466 5 5
1467 5 5
1468 5 5
1469 5 0
1470 5 5
1471 5 5
1472 5 5
1473 5 5
1474 5 5
1475 5 5
1476 5 5
1477 5 5
1478 5 5
1479 5 5
1480 5 5
1481 5 5
1482 5 5
1483 5 0
1484 5 5
1485 5 5
1486 5 5
1487 5 5
1488 5 5
1489 5 5
1490 5 5
1491 5 5
1492 5 0
1493 5 5
1494 5 5
1495 5 5
1496 5 5
1497 5 5
1498 5 5
1499 5 5
1500 5 5
1501 5 5
1502 5 5
1503 5 5
1504 5 5
1505 5 5
1506 5 5
1507 5 5
1508 5 5
1509 5 5
1510 5 5
1511 5 0
1512 5 0
1513 5 5
1514 5 0
1515 5 5
1516 5 5
1517 5 5
1518 5 5
1519 5 5
1520 5 5
1521 5 5
1522 5 5
1523 5 0
1524 5 5
1525 5 5
1526 6 6
1527 5 0
1528 5 5
1529 5 5
1530 5 5
1531 6 6
1532 6 6
1533 6 6
1534 6 6
1535 6 6
1536 6 6
1537 6 6
1538 6 6
1539 6 6
1540 6 6
1541 6 6
1542 6 6
1543 6 6
1544 6 6
1545 6 6
1546 6 6
1547 6 6
1548 6 6
1549 6 6
1550 6 6
1551 6 6
1552 6 6
1553 6 6
1554 6 6
1555 6 6
1556 6 6
1557 6 6
1558 6 6
1559 6 6
1560 6 6
1561 6 6
1562 6 6
1563 6 6
1564 6 6
1565 6 6
1566 6 6
1567 6 6
1568 6 6
1569 6 6
1570 6 6
1571 6 6
1572 6 6
1573 6 6
1574 6 6
1575 6 6
1576 6 6
1577 6 6
1578 6 6
1579 6 6
1580 6 6
1581 6 6
1582 6 6
1583 6 6
1584 6 6
1585 6 6
1586 6 6
1587 6 6
1588 6 6
1589 6 6
1590 6 6
1591 6 6
1592 6 6
1593 6 6
1594 6 6
1595 6 6
1596 6 6
1597 6 6
1598 6 6
1599 6 6
1600 6 6
1601 1 0
1602 4 0
1603 6 6
1604 5 0
1605 2 0
1606 5 0
1607 3 3
1608 3 3
1609 5 5
1610 4 0
1611 2 0
1612 1 0
1613 3 0
1614 4 0
1615 3 0
1616 3 0
1617 1 0
1618 3 0
1619 4 0
1620 2 0
1621 4 0
1622 1 0
1623 4 0
1624 4 0
1625 5 0
1626 2 0
1627 5 0
1628 3 3
1629 3 3
1630 5 0
1631 1 0
1632 4 4
1633 5 5
1634 1 0
1635 5 5
1636 3 0
1637 5 5
1638 4 4
1639 4 4
1640 4 0
1641 2 0
1642 4 0
1643 2 0
1644 2 0
1645 5 0
1646 4 0
1647 5 0
1648 4 0
1649 5 5
1650 6 6
1651 4 0
1652 4 0
1653 6 6
1654 6 6
1655 1 0
1656 4 4
1657 1 0
1658 4 0
1659 2 0
1660 6 6
1661 4 0
1662 4 0
1663 6 6
1664 4 0
1665 6 6
1666 3 0
1667 2 0
1668 4 0
1669 4 0
1670 2 0
1671 2 0
1672 6 6
1673 2 0
1674 3 0
1675 5 5
1676 5 0
1677 4 0
1678 4 0
1679 3 0
1680 3 0
1681 3 0
1682 4 0
1683 4 0
1684 1 0
1685 5 0
1686 2 0
1687 3 3
1688 4 0
1689 1 0
1690 4 4
1691 4 4
1692 5 0
1693 1 0
1694 5 0
1695 5 5
1696 4 4
1697 4 0
1698 6 6
1699 4 4
1700 4 4
1701 3 0
1702 3 0
1703 4 4
1704 5 0
1705 6 6
1706 2 0
1707 6 6
1708 5 0
1709 4 0
1710 2 0
1711 6 6
1712 5 0
1713 3 3
1714 3 0
1715 4 0
1716 4 0
1717 1 0
1718 3 0
1719 5 0
1720 4 0
1721 4 0
1722 5 0
1723 3 0
1724 5 0
1725 1 0
1726 1 0
1727 5 5
1728 4 4
1729 2 0
1730 5 0
1731 5 0
1732 4 0
1733 3 3
1734 4 0
1735 4 4
1736 6 6
1737 4 0
1738 4 0
1739 1 0
1740 5 5
1741 2 0
1742 4 4
1743 4 0
1744 1 0
1745 1 0
1746 6 6
1747 4 0
1748 4 0
1749 4 0
1750 1 0
1751 2 0
1752 5 5
1753 3 0
1754 4 4
1755 2 0
1756 2 0
1757 4 4
1758 2 0
1759 5 5
1760 4 4
1761 5 0
1762 5 0
1763 4 4
1764 2 0
1765 4 4
1766 6 6
1767 2 0
1768 1 0
1769 5 0
1770 2 0
1771 4 0
1772 5 0
1773 2 0
1774 2 0
1775 2 0
1776 5 0
1777 5 0
1778 3 0
1779 5 0
1780 3 3
1781 4 0
1782 4 4
1783 6 6
1784 4 4
1785 4 0
1786 4 0
1787 5 5
1788 6 6
1789 6 6
1790 3 0
1791 2 0
1792 2 0
1793 5 0
1794 3 0
1795 3 0
1796 5 0
1797 4 0
1798 6 6
1799 2 0
1800 4 4
1801 4 0
1802 5 0
1803 1 0
1804 5 0
1805 4 0
1806 5 0
1807 4 0
1808 5 5
1809 5 0
1810 3 0
1811 4 0
1812 6 6
1813 5 5
1814 5 5
1815 5 0
1816 5 0
1817 5 5
1818 6 6
1819 5 0
1820 5 0
1821 3 0
1822 3 3
1823 1 0
1824 2 0
1825 4 4
1826 6 6
1827 1 0
1828 5 0
1829 2 0
1830 4 0
1831 6 6
1832 2 0
1833 6 6
1834 4 0
1835 1 0
1836 5 5
1837 6 6
1838 4 4
1839 5 5
1840 4 0
1841 5 0
1842 6 6
1843 6 6
1844 5 0
1845 2 0
1846 2 0
1847 4 4
1848 5 0
1849 1 0
1850 2 0
1851 1 0
1852 3 3
1853 6 6
1854 3 0
1855 2 0
1856 6 6
1857 4 0
1858 3 0
1859 2 0
1860 6 6
1861 3 3
1862 1 0
1863 4 0
1864 4 0
1865 5 0
1866 4 4
1867 2 0
1868 4 4
1869 3 3
1870 6 6
1871 2 0
1872 3 3
1873 4 0
1874 4 0
1875 5 0
1876 1 0
1877 4 0
1878 3 0
1879 4 0
1880 2 0
1881 5 5
1882 4 0
1883 4 0
1884 2 0
1885 4 4
1886 4 0
1887 4 0
1888 6 6
1889 1 0
1890 3 0
1891 1 0
1892 6 6
1893 2 0
1894 5 0
1895 4 4
1896 4 0
1897 1 0
1898 5 0
1899 4 0
1900 2 0
1901 3 3
1902 3 3
1903 6 6
1904 1 0
1905 4 0
1906 4 0
1907 6 6
1908 3 3
1909 2 0
1910 4 0
1911 2 0
1912 5 0
1913 4 0
1914 2 0
1915 5 5
1916 3 3
1917 5 0
1918 3 0
1919 6 6
1920 2 0
1921 3 3
1922 6 6
1923 2 0
1924 5 0
1925 3 3
1926 4 0
1927 4 0
1928 2 0
1929 2 0
1930 5 0
1931 2 0
1932 5 5
1933 4 0
1934 5 5
1935 1 0
1936 5 0
1937 4 4
1938 5 0
1939 5 0
1940 4 0
1941 2 0
1942 2 0
1943 5 0
1944 4 0
1945 1 0
1946 4 0
1947 4 4
1948 3 3
1949 2 0
1950 2 0
1951 4 0
1952 3 0
1953 2 0
1954 5 0
1955 1 0
1956 4 0
1957 5 0
1958 1 0
1959 5 0
1960 3 0
1961 3 0
1962 4 4
1963 4 4
1964 6 6
1965 1 0
1966 4 0
1967 4 0
1968 1 0
1969 6 6
1970 4 4
1971 6 6
1972 4 4
1973 5 0
1974 2 0
1975 2 0
1976 4 0
1977 4 4
1978 5 0
1979 2 0
1980 4 0
1981 2 0
1982 2 0
1983 5 0
1984 3 0
1985 1 0
1986 5 0
1987 4 4
1988 5 0
1989 3 0
1990 2 0
1991 6 6
1992 2 0
1993 6 6
1994 6 6
1995 4 0
1996 3 0
1997 4 4
1998 4 0
1999 3 0
2000 4 0
