  2.74   1.14
  4.78   0.92
  6.38   0.76
  6.29   0.54
  8.79   0.57
  8.95   0.96
  6.69   0.78
  9.71   0.67
  7.62   0.70
 11.17   0.64
 11.42   1.01
 10.06   0.56
  9.09   0.27
  5.50   0.96
  8.67   0.55
  9.87   0.86
 12.24   0.72
 11.10   0.61
  8.19   0.73
 12.26   0.99
 11.55   0.58
  9.07   0.70
  7.69   0.79
 12.37   0.86
 12.76   0.92
 11.94   0.67
 11.69   0.46
 10.52   0.81
  7.55   0.83
 10.32   0.55
 12.09   0.55
 12.73   0.80
 13.36   0.76
 13.88   0.83
 12.58   0.65
 10.48   0.56
  6.17   0.87
 11.77   0.40
 13.28   0.70
 12.43   0.45
 13.62   0.58
 10.21   0.74
 11.47   0.40
 13.22   0.59
 14.49   0.86
 14.75   0.65
 14.54   0.45
 14.80   1.22
 14.02   0.50
 14.51   0.62
 13.96   0.60
 13.47   0.81
 12.87   0.80
 12.44   0.61
 13.28   1.08
 13.97   0.74
 13.72   0.60
 14.01   0.82
 14.89   0.70
 15.09  13.50
 14.32   0.40
 12.70   0.56
  7.88   0.99
 11.92   0.49
  9.60   0.46
 14.52   0.60
 12.31   0.55
 12.78   0.51
 10.24   0.63
  6.36   0.78
 14.83   0.95
 14.80   0.52
 14.60   0.50
 13.23   0.79
  9.01   1.10
  7.47   0.39
  4.90   1.10
 11.12   0.79
  8.85   0.63
 13.81   0.16
 13.95   0.99
 14.34   0.57
 14.43   1.09
 14.32   0.61
 14.27   0.71
 13.70   0.84
 12.66   0.60
  9.80   0.94
  5.91   0.93
  8.49   0.90
  5.19   0.99
  9.60   0.46
 10.95   0.71
 12.70   0.60
 13.58   0.72
 13.08   0.81
 14.36   1.20
 14.16   0.40
 14.16   0.49
 13.49   0.56
 11.74   0.46
 11.88   1.05
 11.21   0.56
  8.48   0.76
  6.74   0.60
  5.42   0.92
  9.32   0.73
  9.87   0.90
  6.90   0.36
  8.32   0.78
 13.01   0.81
 12.24   0.61
 10.62   0.54
 11.67   0.79
 10.74   0.67
  9.53   0.58
  8.93   0.45
  6.52   0.64
  8.06   0.86
  6.33   0.57
 14.38   0.40
 14.77   0.60
 14.95   3.76
 14.69   0.42
 14.48   0.42
 14.37   0.81
 14.91   0.42
 14.88   0.76
 13.96   0.69
 13.19   0.65
 11.99   0.54
  9.71   0.70
  8.70   0.70
 11.18   0.56
 12.82   0.63
 13.42   0.85
 13.24   0.45
 14.77   0.60
 14.14   0.51
 14.18   0.74
 13.00   0.72
 13.12   0.91
 13.02   0.72
 12.16   0.57
  8.88   0.85
  6.20   0.60
  7.70   0.99
 10.53   0.96
 12.27   0.58
 12.18   0.89
 11.88   0.57
 10.96   0.86
 10.92   0.81
 11.50   0.72
 10.22   1.05
  8.81   0.84
 10.15   0.73
  9.34   0.79
  8.47   0.39
  9.02   0.61
  7.87   0.81
  7.28   0.56
  7.91   1.16
  7.02   0.62
  5.06   0.74
  3.17   1.45
  2.18   1.09
  5.62   0.90
  4.59   0.52
  5.26   0.87
  8.26   0.46
  7.39   0.67
  9.28   0.75
  7.66   0.92
 12.12   0.43
 11.01   0.49
 10.97   0.79
  9.10   0.32
 12.30   0.81
  7.51   0.67
 10.83   0.58
  8.47   0.61
  7.97   0.55
 11.55   0.60
 13.37   0.84
 15.07   0.41
 14.82   0.11
 14.03   0.65
 12.78   0.74
 15.26   0.76
 15.88   6.31
 15.53   0.49
 13.74   0.60
 11.95   0.49
  8.38   0.50
  9.63   0.45
  9.24   0.54
 11.91   0.64
 14.39   0.78
 13.78   0.46
 11.93   0.73
 10.83   0.68
 10.46   0.54
  8.84   0.53
  8.11   0.51
  8.46   0.74
  9.90   0.68
 11.04   0.50
  9.09   0.68
  7.23   0.98
 11.33   0.65
 12.97   0.78
 12.67   0.55
  7.67   0.92
 12.70   0.67
 10.55   0.45
 11.29   0.54
  7.22   0.68
  7.51   0.76
  8.54   0.60
 12.18   0.50
 11.65   0.67
 14.18   0.54
 16.27   0.61
 14.27   0.69
 16.30   0.78
 15.88   0.53
 14.70   0.46
 16.49   0.45
 15.83   0.74
 14.32   0.74
 11.90   0.54
  8.21   0.98
  6.60   0.98
 12.99   0.49
 16.57   0.86
 17.93   0.65
 17.58   0.41
 17.88   0.78
 13.95   0.76
 13.20   0.62
 15.66   0.57
 17.12   0.67
 16.67   0.52
 18.33   0.61
 19.05   0.51
 18.85   0.32
 19.00   0.58
 19.44   0.60
 19.80   0.39
 18.91   0.34
 18.42   0.45
 17.87   0.66
 15.39   0.76
 19.50   0.51
 19.49   0.40
 20.07   0.50
 20.15   0.95
 20.05   0.66
 19.72   0.54
 19.69   0.45
 19.70   1.08
 19.66   0.64
 19.61   0.75
 19.16   0.75
 19.52   0.55
 19.34   0.43
 18.47   0.71
 18.23   0.67
 13.80   0.60
  9.62   0.63
  7.54   0.82
 12.00   0.78
 15.12   0.47
 16.47   0.41
 17.38   0.56
 18.85   0.72
 18.70   0.64
 17.20   0.67
 15.40   0.59
 10.98   0.81
  8.15   0.72
 13.34   0.57
  7.41   0.72
 11.71   0.70
 16.19   0.74
 18.31   0.35
  8.76   0.71
 11.86   0.52
 14.53   0.60
 16.91   0.60
 19.18   0.76
 19.31   0.81
 19.49   0.45
 19.44   0.71
  8.76   0.60
  9.68   0.67
 13.66   0.53
 15.91   0.27
 16.60   0.81
 17.82   0.40
 18.62   0.55
 12.68   0.71
  9.08   0.76
 13.90   0.70
 17.48   0.49
 18.70   0.63
 19.59   0.30
 19.67   0.82
 19.60   0.49
 19.50   0.49
 19.26   0.49
 19.26   0.45
 19.39   0.57
 19.83   0.74
 19.76   0.78
 19.49   0.49
 20.21   0.35
 20.19   0.36
 20.34  14.78
 19.75   0.34
 20.09   0.58
 18.52   0.51
 16.01   0.68
 14.35   0.65
 10.38   0.66
 10.13   0.66
  9.93   0.51
 13.14   0.61
 16.47   0.60
 18.11   0.25
 18.64   0.65
 17.07   0.35
 14.16   0.60
 13.79   0.35
 10.78   0.56
  9.35   0.75
 12.93   0.60
 16.23   0.74
 18.64   0.74
 19.86   0.47
 20.33   1.12
 20.26   0.29
 20.15   0.41
 19.85   0.49
 20.15   0.85
 19.79   0.39
 19.24   0.69
 18.84   0.57
 18.69   0.87
 19.16   0.45
 19.34   0.49
 19.02   0.78
 15.84   0.62
 15.52   0.30
 11.75   0.70
  9.15   0.63
 11.76   0.32
 12.39   0.79
 15.28   0.46
 16.77   0.72
 18.44   0.81
 18.21   0.46
 18.58   0.58
 19.38   0.82
 19.24   0.46
 18.80   0.57
 18.68   0.18
 19.73   0.60
 19.34   0.59
 19.51   0.39
 18.91   0.60
 18.56   0.60
 18.67   0.56
 18.53   0.60
 18.54   0.45
 18.58   0.61
 18.88   0.49
 19.26   0.41
 19.56   0.72
 19.75   0.43
 20.09   0.65
 20.18   4.61
 19.93   0.47
 19.48   0.63
 19.06   0.46
 19.09   0.63
 18.82   0.58
 18.50   0.25
 18.54   0.70
 18.39   0.78
 18.80   0.65
 18.37   0.60
 18.34   0.41
 18.66   0.78
 18.40   0.60
 17.56   0.86
 15.71   0.53
  8.56   0.45
 10.61   0.61
 12.53   0.74
 15.90   0.57
 17.41   0.55
  7.88   0.82
 12.88   0.47
 15.23   0.46
 16.30   0.73
 17.88   0.57
 18.24   0.57
 18.33   0.73
 18.26   0.56
 18.39   0.49
 18.51   0.67
 18.55   0.76
 18.59   0.99
 18.50   0.51
 18.25   0.47
 18.99   0.72
 17.68   0.64
 17.74   0.85
 17.53   0.51
 16.48   0.46
 16.14   0.49
 13.21   0.72
 12.37   0.36
  9.72   0.58
 13.22   0.78
 15.07   0.50
 16.77   0.69
 18.30   0.66
 18.55   0.79
 17.85   0.55
 17.30   0.25
  9.62   0.16
  9.63   0.63
 11.51   0.71
 12.85   0.51
 15.11   0.51
  8.41   0.71
  9.95   0.45
 12.27   0.68
 15.81   0.60
 16.54   0.50
 17.98   0.54
 17.60   0.49
 18.49   0.67
 18.85   3.00
 18.82   0.20
 18.61   0.83
 18.55   0.85
 18.53   0.46
 18.33   0.68
 18.24   0.80
 17.33   0.25
 17.66   0.66
 17.47   0.41
 16.78   0.39
 17.60   0.69
 17.73   0.55
 16.18   0.65
 16.55   0.52
 14.83   0.43
 13.58   0.75
  7.05   1.07
 10.70   0.74
  7.73   0.65
 11.49   0.25
 11.86   0.89
  9.94   0.81
  6.78   0.67
 14.52   0.71
 13.17   0.61
 12.75   0.46
 14.28   0.85
 13.74   0.60
  9.63   0.70
  7.38   0.90
  6.94   0.72
  8.69   0.68
  6.56   0.61
  8.55   0.72
  6.58   0.92
  6.16   0.57
  8.21   0.99
  6.56   0.71
  7.99   0.75
  6.42   0.92
 10.72   0.76
 10.16   0.66
 10.90   0.84
 10.93   0.78
 12.22   0.64
 12.86   0.91
 10.78   0.81
 11.82   0.43
 10.42   0.43
 11.76   0.81
 12.72   0.63
 13.13   0.71
 11.57   0.85
  9.71   0.57
  6.29   0.78
  8.57   0.43
  9.90   0.68
  5.51   0.76
  8.80   0.90
  8.18   0.81
 11.74   0.97
 13.24   1.68
 13.17   0.51
 13.15   0.51
 12.53   0.84
 12.14   0.61
 12.58   0.89
 12.15   0.82
 12.08   0.94
 10.52   0.46
  8.60   0.52
 11.76   0.67
  7.78   0.75
 11.27   0.51
 12.74   0.92
 13.17   0.73
 12.61   0.85
 12.99   0.70
 13.34   0.46
 13.35   0.86
 13.06   0.51
 12.15   0.60
 11.53   0.72
  9.49   0.62
  6.82   0.67
 10.48   0.67
 12.51   0.65
  7.95   0.47
  8.49   0.90
 12.10   0.39
 13.47   2.65
 12.50   0.83
 13.35   0.67
 13.10   0.61
 13.28   0.63
 13.21   0.63
 13.81   0.74
 13.43   0.92
 14.00   0.55
 11.73   0.74
 10.33   0.61
 12.00   0.85
 10.76   0.28
  8.22   0.50
 11.87   0.63
 14.44   6.66
 14.22   0.42
 14.12   0.63
 14.43   0.78
 13.67   0.68
 13.39   0.20
  9.73   0.70
 10.84   0.71
 11.76   0.49
 11.44   0.41
 12.76   0.65
 13.84   0.64
 12.05   0.83
 13.14   0.89
 12.09   0.67
 12.68   0.72
 10.86   0.60
  7.61   0.72
  9.78   0.91
  7.10   0.63
  9.17   0.50
 10.93   0.40
  7.48   0.92
 11.33   0.84
  9.97   0.50
  9.71   0.51
  8.37   0.45
  7.18   0.55
  7.04   0.50
  7.58   0.61
  8.84   0.62
 11.06   0.36
 12.41   0.27
 13.35   0.66
 11.58   0.45
 13.33   0.92
 10.11   0.43
 12.40   0.60
  9.79   0.72
  9.97   0.50
 12.55   0.50
 13.15   0.78
 12.08   0.27
  9.00   0.79
  6.86   0.83
 12.38   0.60
 14.17   0.34
 15.10   0.60
 16.27   0.68
 15.47   0.55
 16.52   0.51
 16.81   0.85
 16.35   0.60
 15.33   0.47
 12.58   0.72
 10.12   0.51
  9.07   0.65
 11.25   0.57
 13.99   0.81
 16.51   0.39
 16.29   0.22
 16.87  14.78
 16.63   0.83
 16.49   0.52
 15.97   0.63
 15.42   0.50
 15.19   0.53
 14.57   0.71
 13.35   0.81
 10.87   0.60
  8.79   0.45
 12.26   0.70
 13.86   0.54
 14.29   0.60
 13.56   0.66
 11.98   0.79
  9.13   0.70
  7.99   0.65
  6.99   0.81
 13.26   0.25
 13.65   0.58
 14.15   0.74
 14.29   0.88
 14.79   0.73
 14.60   0.50
 15.07   0.53
 15.48   0.57
 15.80   0.68
 15.94   0.78
 16.15   1.08
 16.04   0.40
 14.84   0.76
 11.36   0.83
  8.32   0.54
 10.33   0.74
 14.54   0.60
 13.35   0.56
  8.72   0.74
  7.57   0.85
 12.18   0.71
 15.63   0.60
 15.66   0.90
 14.42   0.63
 11.22   0.73
 14.14   0.45
 14.82   0.50
 15.53   0.54
  8.28   0.65
 10.93   0.63
 11.35   0.85
  9.45   0.49
  6.68   0.71
 10.41   0.81
 12.95   0.79
 14.64   0.94
 14.57   0.53
 14.51   0.60
 14.25   0.74
 14.19   0.65
 13.79   0.65
 13.65   0.15
  9.80   0.60
  9.78   0.65
 12.45   0.70
 13.22   0.93
 14.03   0.78
 13.78   0.35
 14.12   0.75
 13.76   0.76
 13.51   0.54
 11.75   0.58
  9.57   0.67
  7.82   0.73
  7.31   0.56
 11.67   0.74
 11.27   0.52
 12.50   0.90
 10.68   0.76
  9.20   0.70
  8.03   0.27
  6.83   0.61
  8.17   0.85
  6.40   0.85
  8.81   0.68
 10.85   0.51
 11.98   0.73
 12.94   0.75
 12.96   0.92
 11.56   0.92
 11.82   0.89
 10.00   0.78
  8.01   0.57
  5.60   0.61
  7.99   0.74
  8.02   0.71
  5.89   0.47
 11.35   0.70
  7.06   0.67
  6.86   1.01
  6.78   0.51
  8.13   0.60
  6.75   0.34
  8.14   0.65
 10.73   0.74
 10.67   0.76
 10.31   0.47
 11.64   0.90
 10.53   0.51
 12.53   0.50
 13.79   0.50
 14.01   0.38
 14.29   1.16
 13.47   0.56
 10.78   0.92
  8.99   0.55
  4.61   0.99
 11.94   1.01
 10.20   0.45
  7.34   0.95
  6.09   0.64
  7.10   0.71
  9.36   0.86
 13.11   0.25
 13.63   0.67
 13.70   0.74
 11.02   0.80
  9.22   0.66
  6.55   0.96
  4.68   0.94
 11.23   0.78
 13.54   0.46
 14.40   9.17
 13.86   0.41
  9.70   0.32
 11.17   0.76
  7.60   0.75
 12.56   0.65
  7.29   0.73
  5.61   0.57
  8.11   0.72
  9.07   0.29
 10.05   0.61
  9.21   0.59
 10.57   0.53
 13.07   0.64
 13.30   0.67
 13.21   0.58
 10.77   0.45
 11.68   0.32
 13.83   0.55
 16.91   0.56
 17.30   0.20
 18.00   0.55
  9.52   0.72
 14.96   0.64
 18.04   0.35
 18.61   7.29
 18.54   0.27
 16.65   0.47
 11.73   0.63
 11.63   0.34
 14.23   0.46
 10.72   0.47
 13.51   0.64
 11.65   0.29
 11.89   0.51
 16.77   0.64
 15.93   0.67
 11.72   0.43
 14.53   0.52
 17.23   0.50
 14.22   0.59
 10.86   0.65
  9.53   0.50
 12.50   0.36
 11.75   0.45
